100 100
0 0 0 0 0 0 0 0 0 0 0 0 0 0 0 0 0 0 0 0 0 0 0 0 0 0 0 0 0 0 0 0 0 0 0 0 0 0 0 0 0 0 0 0 0 0 0 0 3.28948 5.88506 7.64124 10.6007 12.6767 14.7131 15.5979 19.1986 21.6918 24.2368 27.6033 28.9381 30.0164 28.2858 27.813 28.9894 26.7388 25.6134 24.3082 23.9113 22.9646 22.881 18.8862 16.0233 24.0196 27.5926 30.5157 29.872 34.3909 37.6042 38.5937 42.3066 44.7385 44.1328 51.4897 47.4043 48.3511 52.5585 57.8282 58.7714 59.8726 60.8959 57.0589 52.8841 51.5209 56.9315 56.4026 46.9312 42.8876 38.5746 34.9023 33.645
0 0 0 0 0 0 0 0 0 0 0 0 0 0 0 0 0 0 0 0 0 0 0 0 0 0 0 0 0 0 0 0 0 0 0 0 0 0 0 0 0 0 0 0 0 0 0 0 3.3931 6.07677 7.90713 11.0003 13.2233 15.4933 17.6278 18.3437 22.8892 27.5063 28.8199 30.0154 31.9901 30.058 30.4287 31.6952 30.5764 30.3601 26.8906 24.4793 25.6748 22.7503 19.893 29.3957 29.8509 30.4496 33.4842 37.1274 39.9716 44.5968 46.7758 51.6831 52.1337 55.2918 62.0727 65.8868 59.7388 64.4299 66.9363 71.4519 68.2168 68.9911 69.7938 68.1357 73.115 72.4304 67.7131 59.6243 53.4297 47.8886 38.8127 37.2366
0 0 0 0 0 0 0 0 0 0 0 0 0 0 0 0 0 0 0 0 0 0 0 0 0 0 0 0 0 0 0 0 0 0 0 0 0 0 0 0 0 0 0 0 0 0 0 3 5.42857 7.14286 10 12.1429 13.4286 15.8453 18.3681 20.1555 23.6652 27.2856 28.4841 31.5687 31.4277 35.2962 34.5706 33.7746 35.7267 33.6074 30.1504 29.6356 26.9767 23.1633 19.3399 30.6931 30.2813 31.9584 37.2024 43.3416 46.5519 48.5402 50.7591 54.5687 56.6688 61.1769 68.0108 75.1777 69.9486 74.9351 77.7207 74.5085 76.1639 77.351 76.1611 84.732 82.5019 82.5653 79.3576 66.8945 59.3955 57.681 49.1751 41.5816
0 0 0 0 0 0 0 0 0 0 0 0 0 0 0 0 0 0 0 0 0 0 0 0 0 0 0 0 0 0 0 0 0 0 0 0 0 0 0 0 0 0 0 0 0 0 0 0 3.3931 6.07677 7.90713 11.0003 14.2233 15.5397 18.8138 20.7244 23.2898 26.7721 29.1975 31.4563 32.3306 34.1779 32.3449 32.4599 33.4642 33.4535 34.1786 30.7169 31.2208 26.3046 22.5438 32.2981 32.2216 34.07 41.6544 50.2426 52.9071 52.165 54.3033 59.8974 61.8705 66.3883 77.3012 85.8771 77.4509 82.7338 88.8559 80.65 82.5179 84.9797 85.7261 94.5015 89.9515 89.7326 85.2441 76.7409 65.9445 64.1651 56.4101 47.287
0 0 0 0 0 0 0 0 0 0 0 0 0 0 0 0 0 0 0 0 0 0 0 0 0 0 0 0 0 0 0 0 0 0 0 0 0 0 0 0 0 0 0 0 0 0 0 0 3.28948 5.88506 7.64124 10.6007 12.6767 15.8025 17.9418 19.8515 20.3889 24.7883 28.2477 30.583 32.7672 31.5993 32.6999 32.8636 32.9179 35.0124 34.9426 34.5806 30.1516 28.6323 38.9305 36.7489 34.706 35.7082 45.6803 51.3386 56.3285 58.5813 58.8896 61.2289 66.3338 71.9568 78.5541 90.2978 94.0982 88.4853 88.4148 85.4978 87.1124 89.7355 87.5083 102.653 98.8891 94.4074 91.9398 82.8904 73.1314 67.4956 59.3553 51.768
0 0 0 0 0 0 0 0 0 0 0 0 0 0 0 0 0 0 0 0 0 0 0 0 0 0 0 0 0 0 0 0 0 0 0 0 0 0 0 0 0 0 0 0 0 0 0 0 3.12506 5.58439 7.23284 10.0035 11.904 13.8434 16.862 18.7349 19.2826 20.5908 24.9159 29.3267 31.5062 29.6117 30.757 32.9413 32.1401 35.3726 34.3964 31.1628 29.9274 29.7026 27.295 39.082 38.0075 39.9716 43.8452 52.4218 55.188 59.4167 58.5681 61.2776 68.7318 72.3955 79.7836 93.369 86.182 90.238 91.5404 88.5281 89.2593 92.2912 102.064 102.39 101.77 104.148 93.9001 87.2988 80.7474 74.8002 66.7823 57.6497
0 0 0 0 0 0 0 0 0 0 0 0 0 0 0 0 0 0 0 0 0 0 0 0 0 0 0 0 0 0 0 0 0 0 0 0 0 0 0 0 0 0 0 0 0 0 0 0 0 3.2558 5.74617 7.32617 10.0172 13.7516 16.6385 17.454 17.9863 19.3594 20.5567 24.7887 25.0833 26.4147 27.5415 28.8382 31.2113 32.3971 32.5373 30.5144 31.6183 29.5904 28.4531 38.1299 39.0589 44.0491 48.6339 48.7774 53.1882 60.0027 61.2874 64.1342 67.7863 73.7436 79.9883 91.0546 83.049 89.195 93.6757 92.4391 91.1598 92.2065 95.2234 104.575 103.302 102.821 95.8629 90.4579 84.7494 75.2097 67.8598 58.7455
0 0 0 0 0 0 0 0 0 0 0 0 0 0 0 0 0 0 0 0 0 0 0 0 0 0 0 0 0 0 0 0 0 0 0 0 0 0 0 0 0 0 0 0 0 0 0 0 0 0 3.2558 5.67156 7.11135 9.61363 14.3082 16.0476 17.5487 17.9341 19.1908 17.357 16.5832 18.9067 21.1927 23.7214 25.167 26.5876 25.7282 28.9767 27.2737 27.5132 28.5301 37.8726 39.7122 42.6123 49.0105 54.0245 52.9312 57.674 61.8753 64.6151 68.8729 71.9336 73.3037 85.2154 77.5612 87.4173 95.3796 91.0663 92.6704 89.6394 92.1537 105.548 98.7843 101.977 98.4053 92.8036 87.0946 78.2086 70.3262 65.6235
0 0 0 0 0 0 0 0 0 0 0 0 0 0 0 0 0 0 0 0 0 0 0 0 0 0 0 0 0 0 0 0 0 0 0 0 0 0 0 0 0 0 0 0 0 0 0 0 0 0 0 3.12506 5.37285 6.62777 9.96699 14.5422 15.0037 17.3593 15.7128 14.1785 13.5374 13.9315 14.4234 16.9043 20.4809 22.0502 21.3186 23.7492 24.0988 25.3648 27.4643 26.3523 37.8748 41.8995 48.2364 53.0665 55.8778 55.3344 57.3689 63.0253 70.0746 69.0003 70.4564 70.57 75.0989 82.4142 86.7059 84.0068 89.35 86.219 88.1299 94.7665 99.8737 102.531 95.5787 89.074 79.4817 76.6145 73.017 66.6244
0 0 0 0 0 0 0 0 0 0 0 0 0 0 0 0 0 0 0 0 0 0 0 0 0 0 0 0 0 0 0 0 0 0 0 0 0 0 0 0 0 0 0 0 0 0 0 0 0 0 0 0 0 0 4.04169 4.20869 5.57967 8.03961 8.60228 9.21132 10.7039 11.1858 13.7169 14.2617 15.7368 20.3195 21.8833 22.5918 23.0173 24.2107 26.2944 26.2259 25.146 41.3129 47.4167 51.9378 53.4136 55.6933 56.7562 58.2992 65.3117 72.3482 60.7944 65.4218 71.5235 75.3851 79.1542 82.2596 84.4038 83.0194 81.1492 89.3288 98.8548 97.3183 93.7812 88.6951 80.3162 73.5381 67.9881 66.7034
0 0 0 0 0 0 0 0 0 0 0 0 0 0 0 0 0 0 0 0 0 0 0 0 0 0 0 0 0 0 0 0 0 0 0 0 0 0 0 0 0 0 0 0 0 0 0 0 0 0 0 0 0 0 0 1.08527 2.27715 4.56096 6.00683 8.51604 7.96814 10.4326 11.9121 13.4613 13.9813 16.4779 19.0466 19.8133 22.5492 23.988 23.0449 26.0754 26.2948 28.7487 42.3521 48.4145 51.6611 56.801 56.9301 58.6217 60.6268 53.7052 57.1375 63.3546 65.6493 68.3377 71.1289 70.684 77.4817 74.028 76.6082 80.4213 78.8009 90.7898 92.8983 84.3854 83.2998 74.566 69.9056 68.5127
0 0 0 0 0 0 0 0 0 0 0 0 0 0 0 0 0 0 0 0 0 0 0 0 0 0 0 0 0 0 0 0 0 0 0 0 0 0 0 0 0 0 0 0 0 0 0 0 0 0 0 0 0 0 0 0 1.08527 2.25227 4.52465 5.90283 7.29572 7.69452 9.1538 11.6232 13.135 13.6345 14.1447 18.8499 20.6067 22.2109 21.5847 23.8019 26.31 27.7169 30.0855 30.3627 36.9244 54.9788 44.1495 45.0675 45.6537 48.0947 53.5016 56.7941 57.5112 60.8999 59.5384 61.9722 68.5481 72.1438 75.9013 78.3639 78.2088 85.276 94.8599 94.8777 91.8592 83.8293 76.849 72.2507
0 0 0 0 0 0 0 0 0 0 0 0 0 0 0 0 0 0 0 0 0 0 0 0 0 0 0 0 0 0 0 0 0 0 0 0 0 0 0 0 0 0 0 0 0 0 0 0 0 0 0 0 0 0 0 0 0 1.04169 2.13818 4.39806 5.71804 7.02386 8.40943 9.8089 11.2696 10.8156 11.2649 16.822 17.5354 18.2468 19.7962 21.5184 24.0834 26.5364 27.9271 31.4717 32.8472 41.9792 45.908 44.5167 43.055 46.5485 47.9983 54.3695 52.102 51.3273 55.7173 58.0437 58.3184 65.3272 71.6369 73.3261 77.9346 81.8593 85.5788 89.7783 86.8808 91.5493 74.1393 66.2792
0 0 0 0 0 0 0 0 0 0 0 0 0 0 0 0 0 0 0 0 0 0 0 0 0 0 0 0 0 0 0 0 0 0 0 0 0 0 0 0 0 0 0 0 0 0 0 0 0 0 0 0 0 0 0 0 0 0 0 0 3.12695 4.34877 5.65568 7.04569 8.52324 10.0562 10.4665 11.8935 15.5483 17.3094 18.9513 21.7916 24.6371 24.1935 25.5434 28.0501 33.6209 38.9761 42.7977 44.346 44.7745 43.1937 44.6436 48.0628 53.9414 49.1156 51.2558 52.3707 54.4776 65.6076 67.8005 74.1611 80.3623 81.7394 82.7388 85.1678 86.726 83.0937 75.6919 69.8666
0 0 0 0 0 0 0 0 0 0 0 0 0 0 0 0 0 0 0 0 0 0 0 0 0 0 0 0 0 0 0 0 0 0 0 0 0 0 0 0 0 0 0 0 0 0 0 0 0 0 0 0 0 0 0 0 0 0 0 0 0 1.04169 2.13818 5.39806 6.75973 8.24567 8.66234 10.0821 12.5629 14.3331 15.9942 21.9061 21.873 22.6244 24.2102 24.6567 29.086 38.4125 40.3713 42.0317 44.538 42.0577 41.4589 47.9082 49.953 50.0128 47.9837 50.0575 53.077 59.1674 70.6829 72.3264 76.6154 81.1559 84.3428 81.7959 83.4532 80.917 75.7595 71.9599
0 0 0 0 0 0 0 0 0 0 0 0 0 0 0 0 0 0 0 0 0 0 0 0 0 0 0 0 0 0 0 0 0 0 0 0 0 0 0 0 0 0 0 0 0 0 0 0 0 0 0 0 0 0 0 0 0 0 0 0 0 0 0 0 3.12695 6.47572 6.88762 7.3594 8.82556 12.4212 15.0626 17.969 21.0186 21.9756 22.6347 23.0866 26.4874 34.3814 38.6014 41.5721 43.321 43.9572 46.4432 46.6149 45.5809 48.6214 53.7401 48.6777 51.0024 54.1411 71.0282 77.5819 75.94 81.5515 89.7634 82.1337 82.3187 80.0713 74.0677 72.2546
0 0 0 0 0 0 0 0 0 0 0 0 0 0 0 0 0 0 0 0 0 0 0 0 0 0 0 0 0 0 0 0 0 0 0 0 0 0 0 0 0 0 0 0 0 0 0 0 0 0 0 0 0 0 0 0 0 0 0 0 0 0 0 0 0 1.04169 4.30871 6.71744 7.1929 7.58914 12.1922 15.9331 18.915 20.941 20.7979 22.3552 23.9024 29.6899 34.8313 40.9238 44.0487 43.6976 44.1966 44.1888 49.2463 46.3178 47.5404 50.4032 49.6244 54.0122 70.0062 78.8827 84.6927 91.3527 90.6211 89.8973 89.9026 83.3116 77.0711 72.2928
0 0 0 0 0 0 0 0 0 0 0 0 0 0 0 0 0 0 0 0 0 0 0 0 0 0 0 0 0 0 0 0 0 0 0 0 0 0 0 0 0 0 0 0 0 0 0 0 0 0 0 0 0 0 0 0 0 0 0 0 0 0 0 0 0 0 0 4.22345 5.63705 6.00856 6.45895 10.0243 14.9131 17.9062 17.8776 21.6746 22.3425 28.0596 34.2424 38.3032 40.3919 44.2777 45.842 45.0031 48.3794 47.3665 51.436 56.3048 53.543 58.1783 69.438 79.2919 85.0235 90.6167 91.1498 89.2055 91.4069 86.3534 83.0041 76.2504
0 0 0 0 0 0 0 0 0 0 0 0 0 0 0 0 0 0 0 0 0 0 0 0 0 0 0 0 0 0 0 0 0 0 0 0 0 0 0 0 0 0 0 0 0 0 0 0 0 0 0 0 0 0 0 0 0 0 0 0 0 0 0 0 0 0 0 1.04169 3.33973 4.65378 6.07878 5.46174 9.0464 12.8531 17.7384 18.7661 21.8037 25.5601 30.5529 32.4737 39.7474 42.7352 43.4183 42.7934 46.1545 47.3757 52.4577 53.4699 56.7086 62.6383 67.8411 71.136 76.6322 83.0683 87.1845 89.5821 88.5227 82.6656 82.5074 77.7882
0 0 0 0 0 0 0 0 0 0 0 0 0 0 0 0 0 0 0 0 0 0 0 0 0 0 0 0 0 0 0 0 0 0 0 0 0 0 0 0 0 0 0 0 0 0 0 0 0 0 0 0 0 0 0 0 0 0 0 0 0 0 0 0 0 0 0 0 2.18176 2.42257 3.77787 6.11761 5.56077 7.02836 14.7082 18.7685 20.8719 22.8627 25.8159 31.7568 37.9189 39.2754 41.1334 42.6823 44.1557 49.407 52.7036 51.6663 60.9288 61.2271 66.2555 69.2358 72.0516 80.0707 86.9272 85.0545 86.9615 85.5373 82.5623 77.9561
0 0 0 0 0 0 0 0 0 0 0 0 0 0 0 0 0 0 0 0 0 0 0 0 0 0 0 0 0 0 0 0 0 0 0 0 0 0 0 0 0 0 0 0 0 0 0 0 0 0 0 0 0 0 0 0 0 0 0 0 0 0 0 0 0 0 0 0 1.04169 2.25227 3.54921 3.85529 5.24865 5.59045 8.02264 14.8613 16.8903 20.8961 22.8221 23.8971 32.1347 33.4377 38.7191 41.397 43.9834 45.2192 50.5883 50.7613 58.4156 61.7238 70.4601 70.3391 70.5774 79.0999 79.6272 76.2519 85.1673 77.8457 77.1827 72.8346
0 0 0 0 0 0 0 0 0 0 0 0 0 0 0 0 0 0 0 0 0 0 0 0 0 0 0 0 0 0 0 0 0 0 0 0 0 0 0 0 0 0 0 0 0 0 0 0 0 0 0 0 0 0 0 0 0 0 0 0 0 0 0 0 0 0 0 0 0 1.08527 3.27525 3.54921 4.87436 6.17844 6.54851 10.1504 15.079 16.0722 19.1548 21.3179 24.5997 31.7409 37.0278 41.0511 41.6561 45.1728 47.6557 53.0204 55.0508 61.9971 68.4612 69.0256 74.4432 78.6243 75.7902 77.1083 78.7487 70.4041 70.9549 67.9928
0 0 0 0 0 0 0 0 0 0 0 0 0 0 0 0 0 0 0 0 0 0 0 0 0 0 0 0 0 0 0 0 0 0 0 0 0 0 0 0 0 0 0 0 0 0 0 0 0 0 0 0 0 0 0 0 0 0 0 0 0 0 0 0 0 0 0 0 0 0 1.08527 2.25227 3.46425 4.72429 6.06359 9.57426 11.4142 14.3636 18.5191 18.6246 22.8546 27.0887 32.3523 37.3478 43.3661 44.2537 50.0452 53.3739 55.2007 56.8817 62.0232 62.2639 71.6809 78.923 78.187 77.0933 76.7111 71.5125 71.0945 64.2229
0 0 0 0 0 0 0 0 0 0 0 0 0 0 0 0 0 0 0 0 0 0 0 0 0 0 0 0 0 0 0 0 0 0 0 0 0 0 0 0 0 0 0 0 0 0 0 0 0 0 0 0 0 0 0 0 0 0 0 0 0 0 0 0 0 0 0 0 0 0 0 1.04169 2.18176 3.38331 4.66192 6.05004 10.7193 14.539 15.6845 17.7668 20.8774 22.9861 30.4067 36.6779 40.1663 45.1544 49.0733 46.4488 53.3491 55.0118 56.6646 63.3398 65.2996 74.358 78.3556 75.3825 74.1467 69.0526 64.8124 60.201
0 0 0 0 0 0 0 0 0 0 0 0 0 0 0 0 0 0 0 0 0 0 0 0 0 0 0 0 0 0 0 0 0 0 0 0 0 0 0 0 0 0 0 0 0 0 0 0 0 0 0 0 0 0 0 0 0 0 0 0 0 0 0 0 0 0 0 0 0 0 0 0 0 1.04169 4.22345 4.56154 5.98645 10.6858 14.7992 16.8316 18.9078 22.0076 28.337 32.8008 38.2249 41.3723 44.2872 47.2715 52.1859 52.8092 55.1572 54.3382 55.6462 67.5928 71.2703 65.4594 67.4323 59.8436 55.5545 54.0643
0 0 0 0 0 0 0 0 0 0 0 0 0 0 0 0 0 0 0 0 0 0 0 0 0 0 0 0 0 0 0 0 0 0 0 0 0 0 0 0 0 0 0 0 0 0 0 0 0 0 0 0 0 0 0 0 0 0 0 0 0 0 0 0 0 0 0 0 0 0 0 0 0 0 0 3.16864 5.49706 5.86947 12.7734 14.8163 17.8564 22.0071 23.2148 30.7298 36.2651 39.5052 41.5587 45.568 53.5412 53.2092 56.4613 54.6174 56.7852 60.4431 59.9912 62.2282 59.1463 52.9576 49.7427 45.2768
0 0 0 0 0 0 0 0 0 0 0 0 0 0 0 0 0 0 0 0 0 0 0 0 0 0 0 0 0 0 0 0 0 0 0 0 0 0 0 0 0 0 0 0 0 0 0 0 0 0 0 0 0 0 0 0 0 0 0 0 0 0 0 0 0 0 0 0 0 0 0 0 0 0 0 0 2.17054 3.44415 7.92269 10.782 14.7552 18.8811 22.0741 25.569 33.1595 34.5307 38.7074 41.7159 41.5477 50.5249 54.6151 53.7144 56.7202 56.3064 56.918 58.2185 57.2 51.032 48.0175 42.4382
0 0 0 0 0 0 0 0 0 0 0 0 0 0 0 0 0 0 0 0 0 0 0 0 0 0 0 0 0 0 0 0 0 0 0 0 0 0 0 0 0 0 0 0 0 0 0 0 0 0 0 0 0 0 0 0 0 0 0 0 0 0 0 0 0 0 0 0 0 0 0 0 0 0 0 0 0 2.12695 5.44526 8.07282 11.9449 14.8989 21.0289 25.588 27.1702 32.7543 35.8598 37.9115 41.8098 45.387 48.4623 55.4498 56.6265 57.1117 56.6158 54.9171 51.9108 50.815 47.1374 37.429
0 0 0 0 0 0 0 0 0 0 0 0 0 0 0 0 0 0 0 0 0 0 0 0 0 0 0 0 0 0 0 0 0 0 0 0 0 0 0 0 0 0 0 0 0 0 0 0 0 0 0 0 0 0 0 0 0 0 0 0 0 0 0 0 0 0 0 0 0 0 0 0 0 0 0 0 0 0 2.08337 5.43622 10.2292 11.0118 16.0289 23.5923 25.2033 28.7087 30.0933 35.1079 39.7635 37.0569 39.9803 47.7801 55.3516 54.6392 52.9998 50.457 47.5052 45.5305 39.2602 38.828
0 0 0 0 0 0 0 0 0 0 0 0 0 0 0 0 0 0 0 0 0 0 0 0 0 0 0 0 0 0 0 0 0 0 0 0 0 0 0 0 0 0 0 0 0 0 0 0 0 0 0 0 0 0 0 0 0 0 0 0 0 0 0 0 0 0 0 0 0 0 0 0 0 0 0 0 0 0 0 3.18176 4.69646 9.38398 12.2475 18.5396 23.2086 25.7285 30.1624 34.201 32.8384 36.2026 34.1562 36.829 42.9908 45.3384 48.6603 42.0054 38.3308 37.4319 35.0795 34.7758
0 0 0 0 0 0 0 0 0 0 0 0 0 0 0 0 0 0 0 0 0 0 0 0 0 0 0 0 0 0 0 0 0 0 0 0 0 0 0 0 0 0 0 0 0 0 0 0 0 0 0 0 0 0 0 0 0 0 0 0 0 0 0 0 0 0 0 0 0 0 0 0 0 0 0 0 0 0 0 1.04169 4.4798 6.08601 8.8958 11.7863 20.104 21.5043 25.8768 29.1096 30.9242 32.324 34.4019 34.1662 39.3971 40.8946 42.2709 39.4429 41.721 36.6527 34.2399 33.9529
0 0 0 0 0 0 0 0 0 0 0 0 0 0 0 0 0 0 0 0 0 0 0 0 0 0 0 0 0 0 0 0 0 0 0 0 0 0 0 0 0 0 0 0 0 0 0 0 0 0 0 0 0 0 0 0 0 0 0 0 0 0 0 0 0 0 0 0 0 0 0 0 0 0 0 0 0 0 0 0 4.22345 6.77412 8.58865 10.4533 12.3616 18.5694 21.7106 27.0599 27.9507 29.357 31.6187 31.5837 36.7598 40.3961 40.6878 40.0442 38.3111 39.2839 37.5952 33.3615
0 0 0 0 0 0 0 0 0 0 0 0 0 0 0 0 0 0 0 0 0 0 0 0 0 0 0 0 0 0 0 0 0 0 0 0 0 0 0 0 0 0 0 0 0 0 0 0 0 0 0 0 0 0 0 0 0 0 0 0 0 0 0 0 0 0 0 0 0 0 0 0 0 0 0 0 0 0 0 0 1.04169 5.46858 7.19006 9.00962 10.777 12.6725 17.6615 21.8094 25.7366 27.2675 28.6161 30.7884 34.0952 34.5597 37.087 36.6566 37.0351 39.9936 34.3577 34.1894
0 0 0 0 0 0 0 0 0 0 0 0 0 0 0 0 0 0 0 0 0 0 0 0 0 0 0 0 0 0 0 0 0 0 0 0 0 0 0 0 0 0 0 0 0 0 0 0 0 0 0 0 0 0 0 0 0 0 0 0 0 0 0 0 0 0 0 0 0 0 0 0 0 0 0 0 0 0 0 0 0 2.18176 3.77705 7.55545 9.26559 9.02595 13.7977 16.5801 20.3456 24.0183 23.3658 27.8609 29.3551 29.7863 33.4934 35.2499 37.9044 36.9575 36.4983 33.4825
0 0 0 0 0 0 0 0 0 0 0 0 0 0 0 0 0 0 0 0 0 0 0 0 0 0 0 0 0 0 0 0 0 0 0 0 0 0 0 0 0 0 0 0 0 0 0 0 0 0 0 0 0 0 0 0 0 0 0 0 0 0 0 0 0 0 0 0 0 0 0 0 0 0 0 0 0 0 0 -4.16674 -5.42765 -5.62063 -6.49187 -1.96787 -1.28243 1.62839 5.60828 9.37297 12.0985 18.7482 21.2585 21.8708 24.5549 30.247 29.9154 33.7789 34.5896 37.1458 35.8606 34.0288
0 0 0 0 0 0 0 0 0 0 0 0 0 0 0 0 0 0 0 0 0 0 0 0 0 0 0 0 0 0 0 0 0 0 0 0 0 0 0 0 0 0 0 0 0 0 0 0 0 0 0 0 0 0 0 0 0 0 0 0 0 0 0 0 0 0 0 0 0 0 0 0 0 0 0 0 0 0 -4.34107 -7.83667 -9.36802 -11.9166 -12.1379 -7.82636 -7.22217 -4.32672 -0.166408 3.91692 6.80206 10.5366 16.3055 19.0539 23.8246 24.5457 28.5007 30.5283 31.4492 31.0097 35.125 42.0795
0 0 0 0 0 0 0 0 0 0 0 0 0 0 0 0 0 0 0 0 0 0 0 0 0 0 0 0 0 0 0 0 0 0 0 0 0 0 0 0 0 0 0 0 0 0 0 0 0 0 0 0 0 0 0 0 0 0 0 0 0 0 0 0 0 0 0 0 0 0 0 0 0 0 0 0 0 -4.34107 -8.02332 -11.8374 -14.747 -15.4797 -19.0002 -13.9657 -12.3799 -11.4919 -6.23373 -2.93304 2.25973 4.12176 10.0371 16.0225 19.7541 23.7519 26.0535 30.2672 31.458 34.44 42.5505 43.2266
0 0 0 0 0 0 0 0 0 0 0 0 0 0 0 0 0 0 0 0 0 0 0 0 0 0 0 0 0 0 0 0 0 0 0 0 0 0 0 0 0 0 0 0 0 0 0 0 0 0 0 0 0 0 0 0 0 0 0 0 0 0 0 0 0 0 0 0 0 0 0 0 0 0 0 0 -4.16674 -7.88025 -11.9058 -18.1005 -18.3299 -21.3557 -24.0129 -22.1954 -18.7666 -16.8214 -12.4477 -9.97961 -5.53318 0.433985 3.31015 8.38948 14.4832 19.7262 26.2262 28.7372 33.2249 42.0596 44.7828 43.8364
0 0 0 0 0 0 0 0 0 0 0 0 0 0 0 0 0 0 0 0 0 0 0 0 0 0 0 0 0 0 0 0 0 0 0 0 0 0 0 0 0 0 0 0 0 0 0 0 0 0 0 0 0 0 0 0 0 0 0 0 0 0 0 0 0 0 0 0 0 0 0 0 0 0 0 0 -7.51102 -11.6203 -17.0701 -24.7821 -27.4796 -28.8829 -30.693 -31.8822 -30.4322 -26.3518 -21.9335 -15.2082 -10.4831 -4.13957 -2.14529 2.81135 7.97144 16.3015 22.0748 27.8788 38.8628 42.3666 44.436 43.7415
0 0 0 0 0 0 0 0 0 0 0 0 0 0 0 0 0 0 0 0 0 0 0 0 0 0 0 0 0 0 0 0 0 0 0 0 0 0 0 0 0 0 0 0 0 0 0 0 0 0 0 0 0 0 0 0 0 0 0 0 0 0 0 0 0 0 0 0 0 0 0 0 0 0 0 -1.08527 -11.0092 -16.5957 -22.5494 -28.7539 -33.9182 -36.7769 -38.9454 -39.1038 -38.4563 -39.2492 -45.3839 -25.2351 -16.2092 -7.53626 -4.49723 -2.47319 3.61984 10.8613 19.8421 23.7466 36.3263 39.9598 42.2113 44.0845
0 0 0 0 0 0 0 0 0 0 0 0 0 0 0 0 0 0 0 0 0 0 0 0 0 0 0 0 0 0 0 0 0 0 0 0 0 0 0 0 0 0 0 0 0 0 0 0 0 0 0 0 0 0 0 0 0 0 0 0 0 0 0 0 0 0 0 0 0 0 0 0 0 0 -1.08527 -6.27715 -15.6478 -21.6637 -27.9729 -33.6018 -38.2367 -41.5491 -46.4383 -61.0116 -61.917 -59.9737 -63.9019 -53.1577 -43.0904 -28.2919 -9.79338 -7.76551 -3.6184 5.63611 12.4901 21.5232 35.4092 38.1625 41.6548 44.7964
2 0 1 0 0 0 0 0 0 0 0 0 0 0 0 0 0 0 0 0 0 0 0 0 0 0 0 0 0 0 0 0 0 0 0 0 0 0 0 0 0 0 0 0 0 0 0 0 0 0 0 0 0 0 0 0 0 0 0 0 0 0 0 0 0 0 0 0 0 0 0 0 0 -1.04169 -2.25227 -5.51928 -19.2783 -24.6495 -30.3186 -38.282 -42.2129 -47.8722 -65.9327 -73.3441 -75.6621 -74.8511 -74.0018 -70.984 -63.2861 -43.5005 -26.9777 -8.82878 -4.79132 -4.4659 7.16006 22.1125 30.2607 36.077 41.6712 41.943
6.38221 3.3931 3.33584 3.2144 1.09649 1.04169 0 0 0 0 0 0 0 0 0 0 0 0 0 0 0 0 0 0 0 0 0 0 0 0 0 0 0 0 0 0 0 0 0 0 0 0 0 0 0 0 0 0 0 0 0 0 0 0 0 0 0 0 0 0 0 0 0 0 0 0 0 0 0 0 0 0 0 -2.13818 -2.3977 -6.8286 -20.8035 -27.3886 -33.3188 -40.4531 -46.7186 -65.6699 -75.5358 -81.4525 -85.047 -87.4096 -85.5917 -82.7158 -73.811 -55.278 -47.2276 -32.4116 -12.4293 -8.24607 -2.74944 3.27605 21.6544 34.7927 38.4593 40.7888
11.2307 7.20781 7.03657 6.73064 4.40123 1.16701 1.08527 0 0 0 0 0 0 0 0 0 0 0 0 0 0 0 0 0 0 0 0 0 0 0 0 0 0 0 0 0 0 0 0 0 0 0 0 0 0 0 0 0 0 0 0 0 0 0 0 0 0 0 0 0 0 0 0 0 0 0 0 0 0 0 0 0 0 -2.22753 -3.58753 -7.09502 -22.0292 -29.8419 -35.9539 -44.2593 -63.1994 -75.2206 -88.7934 -97.5718 -104.073 -103.985 -104.368 -101.216 -94.5379 -77.8821 -61.1343 -47.5385 -32.6073 -13.9894 -7.56375 -4.67973 13.3267 24.6742 34.7102 37.8843
14.6468 13.6135 13.3254 12.7812 8.14354 4.58728 2.28837 2.12695 0 0 0 0 0 0 0 0 0 0 0 0 0 0 0 0 0 0 0 0 0 0 0 0 0 0 0 0 0 0 0 0 0 0 0 0 0 0 0 0 0 0 0 0 0 0 0 0 0 0 0 0 0 0 0 0 0 0 0 0 0 0 0 0 -1 -3.31558 -4.72429 -9.3534 -19.0643 -28.8488 -36.0402 -44.4809 -71.2415 -84.2027 -97.7494 -108.653 -114.98 -120.764 -119.609 -116.38 -112.75 -97.602 -79.6293 -59.9685 -43.9517 -18.3333 -14.0273 -7.26762 6.09481 16.3123 24.3404 33.7115
18.4273 17.393 16.9711 16.2162 13.2588 8.25529 4.59978 2.33401 2.12695 0 0 0 0 0 0 0 0 0 0 0 0 0 0 0 0 0 0 0 0 0 0 0 0 0 0 0 0 0 0 0 0 0 0 0 0 0 0 0 0 0 0 0 0 0 0 0 0 0 0 0 0 0 0 0 0 0 0 0 0 0 0 0 -1 -3.37038 -4.87324 -7.52359 -19.0159 -26.4735 -35.5909 -45.0746 -76.6997 -94.1507 -107.507 -117.717 -127.377 -132.292 -129.714 -129.474 -119.836 -107.379 -95.7988 -76.0855 -57.895 -22.8275 -17.2109 -12.538 -7.58297 6.04431 18.907 23.4169
22.3592 20.2902 19.7244 18.7617 16.5419 13.1994 8.04029 2.51641 2.28837 1.08527 0 0 0 0 0 0 0 0 0 0 0 0 0 0 0 0 0 0 0 0 0 0 0 0 0 0 0 0 0 0 0 0 0 0 0 0 0 0 0 0 0 0 0 0 0 0 0 0 0 0 0 0 0 0 0 0 0 0 0 0 0 0 0 -4.40025 -4.94083 -7.65057 -15.8769 -24.0034 -35.8344 -62.1992 -82.433 -98.1993 -112.015 -126.223 -137.154 -140.514 -137.67 -136.001 -131.095 -115.567 -107.62 -92.4152 -76.2261 -48.9558 -20.7057 -15.6874 -11.718 -6.78904 8.77643 18.178
24.5377 24.3781 23.5766 22.2949 18.7692 16.1703 12.6142 3.66548 2.41675 1.16701 1.04169 0 0 0 0 0 0 0 0 0 0 0 0 0 0 0 0 0 0 0 0 0 0 0 0 0 0 0 0 0 0 0 0 0 0 0 0 0 0 0 0 0 0 0 0 0 0 0 0 0 0 0 0 0 0 0 0 0 0 0 0 0 -1 -4.37753 -5.99937 -7.6701 -13.6511 -25.6146 -35.2972 -51.5878 -81.7152 -97.6547 -114.605 -123.2 -131.86 -144.195 -140.099 -144.015 -140.604 -148.161 -119.064 -107.492 -87.5456 -54.5618 -29.5321 -20.0124 -13.735 -8.71088 -2.79407 12.3954
28.6468 26.2231 25.2423 23.6725 22.9387 19.0767 16.3037 5.91349 3.63501 3.32718 2.13818 0 0 0 0 0 0 0 0 0 0 0 0 0 0 0 0 0 0 0 0 0 0 0 0 0 0 0 0 0 0 0 0 0 0 0 0 0 0 0 0 0 0 0 0 0 0 0 0 0 0 0 0 0 0 0 0 0 0 0 0 0 0 -4.34544 -5.96242 -8.71223 -14.7727 -22.3743 -31.6878 -45.672 -80.4459 -98.5801 -113.907 -119.656 -132.67 -144.573 -172.022 -171.549 -167.641 -163.77 -157.387 -141.701 -118.342 -58.4406 -38.4349 -24.3586 -17.8015 -10.5301 -4.47626 0.319438
31.3773 29.6989 28.356 27.7035 23.8481 21.8624 17.8126 7.10553 3.81359 2.50226 2.29804 1.08527 0 0 0 0 0 0 0 0 0 0 0 0 0 0 0 0 0 0 0 0 0 0 0 0 0 0 0 0 0 0 0 0 0 0 0 0 0 0 0 0 0 0 0 0 0 0 0 0 0 0 0 0 0 0 0 0 0 0 0 0 -1 -3.33584 -7.0029 -10.9138 -12.9658 -18.145 -30.9469 -46.5993 -80.3687 -97.5763 -110.85 -121.874 -133.538 -165.809 -170.613 -180.592 -183.874 -175.695 -171.497 -158.568 -141.474 -97.1355 -46.86 -30.5772 -21.7461 -14.2438 -8.09821 -2.31687
34.3102 31.4828 31.0893 29.3748 26.4762 22.23 20.0858 8.23069 4.93605 2.64684 2.42857 2.19188 1.08527 0 0 0 0 0 0 0 0 0 0 0 0 0 0 0 0 0 0 0 0 0 0 0 0 0 0 0 0 0 0 0 0 0 0 0 0 0 0 0 0 0 0 0 0 0 0 0 0 0 0 0 0 0 0 0 0 0 0 0 0 -5.43071 -7.11071 -10.0279 -14.1432 -16.1922 -21.4204 -37.3726 -65.0261 -96.5378 -112.682 -120.834 -152.147 -165.953 -174.228 -192.05 -191.169 -187.773 -182.796 -167.717 -139.47 -110.958 -80.3055 -38.7205 -28.5558 -17.8108 -11.5526 -2.66833
34.3245 34.6972 45.3458 31.5502 27.4941 25.3058 21.1177 7.41772 5.14377 3.88752 3.62143 2.3274 1.16701 1.04169 0 0 0 0 0 0 0 0 0 0 0 0 0 0 0 0 0 0 0 0 0 0 0 0 0 0 0 0 0 0 0 0 0 0 0 0 0 0 0 0 0 0 0 0 0 0 0 0 0 0 0 0 0 0 0 0 0 0 -2.04169 -4.50285 -8.25626 -12.2801 -14.4272 -16.5089 -18.5001 -28.8229 -48.2503 -74.8672 -108.804 -137.498 -154.809 -166.398 -184.85 -200.159 -200.9 -199.763 -192.44 -165.343 -145.711 -121.677 -94.0767 -66.7994 -29.2815 -19.2557 -14.8942 -4.75457
47.8802 47.8534 51.7591 44.8899 43.4952 38.615 20.9605 6.55604 4.3274 4.0982 3.8121 2.52813 2.31596 1.09649 0 0 0 0 0 0 0 0 0 0 0 0 0 0 0 0 0 0 0 0 0 0 0 0 0 0 0 0 0 0 0 0 0 0 0 0 0 0 0 0 0 0 0 0 0 0 0 0 0 0 0 0 0 0 0 0 0 0 -1.09649 -5.61971 -9.45458 -11.5149 -14.7236 -15.8195 -18.7896 -25.6736 -40.3848 -60.6996 -87.9142 -139.243 -156.83 -170.068 -183.607 -196.949 -207.163 -203.481 -187.084 -173.98 -156.468 -132.002 -105.772 -76.2926 -42.1289 -22.585 -16.1169 -2.94371
54.1957 55.4153 54.466 53.6347 50.0641 44.9212 31.7636 6.66204 4.51226 4.25855 3.95105 2.6967 2.46345 2.2163 0 0 0 0 0 0 0 0 0 0 0 0 0 0 0 0 0 0 0 0 0 0 0 0 0 0 0 0 0 0 0 0 0 0 0 0 0 0 0 0 0 0 0 0 0 0 0 0 0 0 0 0 0 0 0 0 0 0 -3.2163 -6.74448 -8.60824 -11.6787 -14.8577 -18.0634 -19.0896 -21.8623 -34.0183 -54.1076 -78.3962 -121.287 -143.494 -159.845 -182.928 -184.731 -194.315 -203.737 -194.554 -183.588 -166.958 -144.138 -119.022 -90.4852 -49.9322 -30.9247 -12.1855 -4.35849
57.061 56.5875 57.8169 55.06 50.4868 44.3812 35.3159 17.8572 4.62045 4.3478 4.05635 2.82248 2.57143 2.30986 2.04169 0 0 0 0 0 0 0 0 0 0 0 0 0 0 0 0 0 0 0 0 0 0 0 0 0 0 0 0 0 0 0 0 0 0 0 0 0 0 0 0 0 0 0 0 0 0 0 0 0 0 0 0 0 0 0 0 -2.04169 -2.30986 -5.84064 -9.70615 -12.831 -16.042 -19.311 -19.3665 -22.922 -28.4799 -45.7759 -88.3081 -109.742 -136.812 -154.377 -170.596 -177.462 -193.039 -200.297 -201.456 -187.922 -171.467 -154.692 -132.181 -104.813 -78.993 -28.4082 -17.8345 -7.74455
57.0921 56.6891 61.1532 56.4913 49.9623 42.9656 35.988 28.2733 19.2359 4.49216 4.28704 4.02694 3.72918 3.40341 1.09649 0 0 0 0 0 0 0 0 0 0 0 0 0 0 0 0 0 0 0 0 0 0 0 0 0 0 0 0 0 0 0 0 0 0 0 0 0 0 0 0 0 0 0 0 0 0 0 0 0 0 0 0 0 0 0 0 -1.09649 -2.36172 -5.94549 -10.8851 -13.9801 -17.2658 -19.4934 -21.4598 -26.2739 -28.7065 -36.2521 -60.6641 -104.024 -135.835 -149.291 -164.442 -183.658 -195.766 -202.497 -201.811 -193.356 -180.301 -167.693 -139.976 -111.199 -66.8797 -39.6594 -23.6112 -12.3832
56.9995 59.1086 60.9557 62.3356 51.6872 44.5582 39.4538 29.555 24.3017 5.75075 4.4512 5.18094 3.87237 3.53507 2.2163 0 0 0 0 0 0 0 0 0 0 0 0 0 0 0 0 0 0 0 0 0 0 0 0 0 0 0 0 0 0 0 0 0 0 0 0 0 0 0 0 0 0 0 0 0 0 0 0 0 0 0 0 0 0 0 0 -1.13103 -4.45333 -7.10336 -9.98753 -14.1336 -16.3885 -18.4628 -23.6394 -27.6946 -28.0909 -34.4771 -51.8601 -89.639 -118.404 -139.07 -163.234 -176.807 -194.914 -205.793 -208.258 -209.635 -196.732 -178.84 -163.864 -126.229 -81.6876 -51.3686 -29.6256 -15.1323
64.4438 66.4157 67.0251 65.3224 61.2892 56.7777 48.1074 32.7575 27.4227 8.13791 7.79475 5.41098 5.08774 4.70961 3.37642 2.08527 0 0 0 0 0 0 0 0 0 0 0 0 0 0 0 0 0 0 0 0 0 0 0 0 0 0 0 0 0 0 0 0 0 0 0 0 0 0 0 0 0 0 0 0 0 0 0 0 0 0 0 0 0 0 -1 -2.18454 -4.57967 -7.2042 -10.0781 -14.2521 -16.4307 -21.756 -25.9015 -29.9726 -32.6293 -35.9663 -48.8149 -89.1162 -111.182 -135.527 -152.372 -180.271 -199.554 -213.621 -219.783 -218.978 -210.628 -197.236 -180.111 -148.99 -92.968 -61.7209 -38.0552 -19.9499
65.9852 67.8446 72.8529 73.349 68.0255 61.245 55.2308 42.4212 32.2201 22.4961 8.14329 7.70104 6.25274 3.89617 3.58376 2.25227 1.04169 0 0 0 0 0 0 0 0 0 0 0 0 0 0 0 0 0 0 0 0 0 0 0 0 0 0 0 0 0 0 0 0 0 0 0 0 0 0 0 0 0 0 0 0 0 0 0 0 0 0 0 0 0 0 -3.26921 -3.66927 -7.32485 -10.1477 -13.2697 -17.4483 -22.7368 -26.0591 -29.1494 -29.899 -33.4683 -44.0751 -60.9101 -106.805 -125.731 -154.813 -181.736 -205.684 -219.888 -226.379 -225.075 -223.019 -205.127 -185.249 -144.316 -110.914 -71.5078 -44.9766 -28.156
69.1256 72.2126 77.0131 77.2529 73.1395 68.3007 61.08 49.0193 41.3769 19.1973 11.7174 10.1952 7.63786 5.20777 4.83982 3.46425 2.18176 0 0 0 0 0 0 0 0 0 0 0 0 0 0 0 0 0 0 0 0 0 0 0 0 0 0 0 0 0 0 0 0 0 0 0 0 0 0 0 0 0 0 0 0 0 0 0 0 0 0 0 0 0 0 -3.32402 -4.81822 -6.36679 -11.1943 -13.2874 -18.5205 -25.0062 -26.2725 -29.3218 -31.1338 -36.9047 -43.3636 -52.762 -76.128 -125.409 -153.676 -186.119 -207.661 -221.717 -229.413 -234.908 -224.847 -211.419 -175.954 -154.4 -127.387 -85.8988 -58.2684 -37.6736
75.3496 74.536 78.0683 78.2314 77.6847 73.0805 66.8581 56.423 47.3453 20.1293 14.4186 11.7676 8.13425 8.5987 5.07727 3.72429 3.38331 1.04169 0 0 0 0 0 0 0 0 0 0 0 0 0 0 0 0 0 0 0 0 0 0 0 0 0 0 0 0 0 0 0 0 0 0 0 0 0 0 0 0 0 0 0 0 0 0 0 0 0 0 0 0 -1 -4.35726 -4.8913 -6.49625 -10.2431 -14.32 -21.7663 -23.3374 -26.4046 -32.3968 -34.3327 -35.1047 -39.8386 -48.0401 -65.3406 -96.3869 -151.997 -179.931 -208.841 -218.505 -231.366 -238.435 -227.513 -198.415 -181.4 -158.817 -132.986 -99.6287 -66.5102 -40.1972
77.9485 83.2887 84.8973 87.0657 79.7623 75.5494 70.2947 63.7174 53.2609 25.3156 17.348 14.5813 12.8355 10.1913 7.5326 5.02904 4.60711 3.18176 0 0 0 0 0 0 0 0 0 0 0 0 0 0 0 0 0 0 0 0 0 0 0 0 0 0 0 0 0 0 0 0 0 0 0 0 0 0 0 0 0 0 0 0 0 0 0 0 0 0 0 0 -1 -3.37038 -5.95851 -7.6697 -8.34303 -15.2524 -20.8372 -23.4094 -28.5572 -30.5973 -33.6387 -34.4123 -41.2913 -46.7784 -57.5781 -88.2162 -124.865 -157.825 -188.732 -216.786 -212.569 -220.317 -220.177 -201.933 -191.238 -161.445 -137.558 -116.924 -75.5707 -45.5158
80.9308 84.6874 86.7582 89.2798 89.0051 77.4076 74.3523 67.7786 46.3177 33.6251 19.1525 17.3262 12.4403 9.71021 10.0497 7.43411 4.85532 3.38331 1.04169 0 0 0 0 0 0 0 0 0 0 0 0 0 0 0 0 0 0 0 0 0 0 0 0 0 0 0 0 0 0 0 0 0 0 0 0 0 0 0 0 0 0 0 0 0 0 0 0 0 0 0 0 -4.40025 -6.0261 -7.74595 -8.42804 -12.1608 -21.7622 -25.3363 -27.5774 -31.6636 -34.7222 -38.5015 -41.1725 -45.3668 -54.5547 -84.8092 -124.578 -155.564 -183.835 -200.281 -213.822 -225.139 -216.635 -212.986 -197.611 -173.451 -147.197 -124.18 -88.2688 -49.6974
84.4425 85.5289 91.0474 91.3385 88.8077 88.0678 77.7747 61.4037 48.7791 37.9839 30.1104 24.2724 17.342 13.532 12.7833 11.0557 8.3073 5.6488 3.18176 0 0 0 0 0 0 0 0 0 0 0 0 0 0 0 0 0 0 0 0 0 0 0 0 0 0 0 0 0 0 0 0 0 0 0 0 0 0 0 0 0 0 0 0 0 0 0 0 0 0 0 -1 -5.41921 -6.08111 -6.72225 -9.45604 -13.2496 -19.6352 -25.138 -29.3905 -34.484 -36.6437 -38.4463 -41.2409 -44.0172 -52.6035 -81.1986 -120.957 -151.744 -183.296 -194.906 -211.901 -221.038 -217.558 -214.106 -203.162 -181.413 -159.017 -125.35 -90.4827 -54.7715
86.8282 90.0183 95.4985 96.7447 92.5771 91.2762 74.2879 62.691 60.3683 42.2961 31.3346 25.4133 22.5354 20.6063 15.6394 12.7992 11.8776 8.16051 5.51026 1.04169 0 0 0 0 0 0 0 0 0 0 0 0 0 0 0 0 0 0 0 0 0 0 0 0 0 0 0 0 0 0 0 0 0 0 0 0 0 0 0 0 0 0 0 0 0 0 0 0 0 0 0 -4.40025 -6.0261 -7.70237 -9.51331 -10.2807 -17.4538 -22.869 -27.1798 -30.3476 -35.4481 -36.1895 -39.6993 -38.5088 -45.4287 -79.3774 -112.641 -149.369 -176.649 -187.954 -204.017 -228.288 -221.525 -217.685 -205.252 -185.024 -165.487 -135.792 -88.0358 -56.7043
73.256 82.0982 97.2936 86.7461 83.0108 82.2336 75.1481 65.9389 62.7847 53.0022 35.5332 29.6021 24.793 23.8883 20.9301 18.8957 14.8362 11.9457 8.11729 7.43567 0 0 0 0 0 0 0 0 0 0 0 0 0 0 0 0 0 0 0 0 0 0 0 0 0 0 0 0 0 0 0 0 0 0 0 0 0 0 0 0 0 0 0 0 0 0 0 0 0 0 -1 -3.37038 -4.87324 -8.616 -9.45501 -10.2294 -17.3897 -21.8812 -26.0365 -30.1786 -33.1583 -34.7486 -37.042 -36.9346 -39.4556 -78.1103 -116.134 -145.529 -184.673 -198.506 -218.011 -225.162 -231.428 -230.936 -219.472 -190.321 -163.966 -140.914 -96.444 -55.5723
72.3372 75.5949 85.615 84.3422 83.2793 84.9212 81.0897 71.8898 64.9733 57.2957 46.0747 34.7832 32.9951 26.1485 23.248 21.1437 16.9641 16.8525 10.8481 6.99094 5.33917 0 0 0 0 0 0 0 0 0 0 0 0 0 0 0 0 0 0 0 0 0 0 0 0 0 0 0 0 0 0 0 0 0 0 0 0 0 0 0 0 0 0 0 0 0 0 0 0 0 -1 -3.31558 -3.72429 -7.43806 -9.22453 -12.0207 -17.1705 -20.5637 -25.7816 -27.8074 -32.6356 -34.333 -34.6562 -37.5511 -38.0816 -68.1777 -113.717 -144.367 -171.341 -192.807 -207.068 -218.443 -222.308 -223.525 -216.8 -201.099 -172.865 -142.962 -95.7583 -59.2676
78.7897 79.4503 84.244 96.9899 89.2988 89.225 85.2103 75.1157 66.6738 57.4881 48.6839 45.4687 37.515 31.4963 27.5152 25.5124 21.2349 18.0191 14.8416 11.8249 8.82712 3.21222 0 0 0 0 0 0 0 0 0 0 0 0 0 0 0 0 0 0 0 0 0 0 0 0 0 0 0 0 0 0 0 0 0 0 0 0 0 0 0 0 0 0 0 0 0 0 0 0 0 -2.22753 -4.58753 -6.23788 -7.91785 -9.67016 -13.7295 -19.9814 -21.2104 -26.4078 -30.2492 -31.9533 -33.2779 -36.1618 -39.696 -67.8248 -109.09 -137.281 -161.77 -182.74 -197.79 -210.482 -212.115 -216.346 -208.406 -195.626 -178.035 -140.176 -94.0617 -56.9463
86.3858 91.6897 95.5078 102.382 97.6443 98.4689 93.2724 68.8066 62.0604 57.6189 57.2409 47.9414 38.9286 39.1626 33.0425 27.8547 23.4548 20.0519 14.7046 13.6434 10.5252 5.60104 2.08337 0 0 0 0 0 0 0 0 0 0 0 0 0 0 0 0 0 0 0 0 0 0 0 0 0 0 0 0 0 0 0 0 0 0 0 0 0 0 0 0 0 0 0 0 0 0 0 0 -2.13818 -3.3977 -6.006 -6.60312 -9.28214 -12.262 -16.3928 -19.6625 -23.9205 -25.7857 -28.4419 -33.9747 -32.8659 -38.5016 -79.2809 -98.1319 -126.056 -153.85 -168.872 -184.273 -193.605 -198.725 -204.235 -198.102 -180.996 -163.457 -142.325 -88.4825 -61.681
85.5094 90.7018 100.569 101.272 103.756 99.6618 91.533 75.3162 61.5414 60.5649 57.4962 51.4124 45.5237 41.7296 39.7879 32.3597 28.8452 25.2799 17.667 16.5267 13.2872 11.1143 5.40521 0 0 0 0 0 0 0 0 0 0 0 0 0 0 0 0 0 0 0 0 0 0 0 0 0 0 0 0 0 0 0 0 0 0 0 0 0 0 0 0 0 0 0 0 0 0 0 0 -1.04169 -2.25227 -4.70512 -7.22357 -8.8575 -12.7247 -15.8878 -18.0751 -22.2388 -23.1597 -26.045 -30.6738 -30.747 -35.3947 -72.5366 -90.0039 -112.14 -141.967 -152.955 -161.343 -177.081 -179.055 -181.466 -180.68 -165.566 -148.217 -131.207 -83.7624 -59.0752
82.426 85.8612 93.4993 106.005 99.4073 96.9379 89.8641 75.1625 72.4838 60.8819 58.2771 52.4139 48.4475 43.7562 39.822 35.7364 34.2311 27.4338 23.842 18.4682 17.2199 11.9092 8.93581 4.26513 1.04169 0 0 0 0 0 0 0 0 0 0 0 0 0 0 0 0 0 0 0 0 0 0 0 0 0 0 0 0 0 0 0 0 0 0 0 0 0 0 0 0 0 0 0 0 0 0 0 -1.08527 -4.41532 -4.85042 -6.36969 -10.0605 -16.2057 -16.3786 -18.4944 -20.4725 -23.3995 -26.0744 -24.455 -31.2948 -62.3149 -79.3194 -101.96 -122.878 -134.039 -141.628 -159.957 -161.552 -160.177 -158.071 -148.586 -136.205 -121.1 -80.457 -58.0263
83.7947 89.4964 97.3647 99.9332 100.152 98.1386 92.3109 76.8295 72.4098 72.5786 57.6875 56.0357 53.0918 46.4068 43.756 39.6687 35.5766 32.7686 28.0729 23.5096 18.0887 15.7562 10.6531 8.74251 2.25227 1.08527 0 0 0 0 0 0 0 0 0 0 0 0 0 0 0 0 0 0 0 0 0 0 0 0 0 0 0 0 0 0 0 0 0 0 0 0 0 0 0 0 0 0 0 0 0 0 0 -2.12695 -4.46097 -5.90127 -8.45109 -13.4885 -16.5834 -18.6977 -21.7208 -22.7231 -23.6536 -25.216 -37.3247 -56.0594 -75.2909 -93.5805 -110.52 -123.629 -129.279 -146.275 -153.315 -146.245 -144.327 -137.785 -125.323 -112.438 -84.7162 -57.8218
80.3713 91.1618 97.2124 101.695 99.6932 93.6446 93.271 80.6662 75.961 68.9235 57.6677 58.3499 54.7047 52.017 47.2258 43.1232 39.2817 36.9762 31.4221 27.8567 24.1846 17.7174 14.4662 9.40597 5.66494 3.23356 1.08527 0 0 0 0 0 0 0 0 0 0 0 0 0 0 0 0 0 0 0 0 0 0 0 0 0 0 0 0 0 0 0 0 0 0 0 0 0 0 0 0 0 0 0 0 0 0 0 -2.12695 -4.41532 -6.79245 -12.6847 -12.6401 -16.7309 -18.8123 -20.9047 -22.9916 -23.7249 -24.9495 -47.1086 -62.4965 -86.8364 -101.824 -111.912 -118.146 -131.43 -136.124 -136.83 -135.894 -125.327 -113.91 -98.3776 -64.8551 -56.9307
83.1635 89.9637 98.291 100.723 100.337 103.326 98.8396 85.2432 79.384 76.1633 65.6299 60.5327 55.2637 56.4412 52.5081 46.5681 42.9047 38.0371 33.6318 30.9977 25.2799 19.6843 18.3488 12.2121 9.28152 6.73728 3.29804 2.13818 1.04169 0 0 0 0 0 0 0 0 0 0 0 0 0 0 0 0 0 0 0 0 0 0 0 0 0 0 0 0 0 0 0 0 0 0 0 0 0 0 0 0 0 0 0 0 0 0 -1.08527 -4.29396 -8.9199 -10.775 -13.7871 -15.838 -18.9159 -21.9503 -21.849 -22.2703 -41.8997 -53.5476 -68.4908 -90.3954 -98.2955 -106.4 -118.912 -123.826 -129.224 -126.132 -115.665 -101.199 -86.6291 -62.3046 -52.7493
83.4369 86.2423 96.5949 103.182 106.454 104.195 101.609 96.2959 86.4308 81.8232 74.8535 65.971 62.4759 61.9205 55.9933 51.1698 47.535 40.6388 36.3151 31.8739 29.4312 24.9192 20.4797 18.3278 12.2049 10.4477 5.77207 3.45822 2.2635 2.12695 0 0 0 0 0 0 0 0 0 0 0 0 0 0 0 0 0 0 0 0 0 0 0 0 0 0 0 0 0 0 0 0 0 0 0 0 0 0 0 0 0 0 0 0 0 0 -1.04169 -4.40929 -7.97084 -13.816 -13.8113 -16.8258 -19.8188 -19.7204 -22.3719 -35.3784 -43.4631 -58.4353 -69.9413 -84.7515 -87.9802 -107.829 -110.896 -112.438 -109.285 -99.8374 -88.423 -75.6245 -54.4692 -49.4384
79.0304 88.2617 96.6088 106.022 110.091 104.868 108.736 96.5659 91.7108 90.2578 69.7417 72.7647 73.3446 68.6752 65.7378 54.8978 51.2646 45.4457 42.2565 35.9844 30.5806 29.1929 23.7854 20.4926 17.3033 13.3736 10.444 5.80541 2.51641 2.35888 2.17054 0 0 0 0 0 0 0 0 0 0 0 0 0 0 0 0 0 0 0 0 0 0 0 0 0 0 0 0 0 0 0 0 0 0 0 0 0 0 0 0 0 0 0 0 0 0 -2.13818 -3.43938 -8.00132 -11.8029 -12.6992 -16.6177 -17.4682 -19.1657 -20.7371 -33.122 -48.4509 -60.2534 -66.9397 -74.4565 -90.8571 -94.7302 -88.441 -92.0719 -82.4458 -75.0011 -57.4359 -49.9896 -44.1663
81.1657 92.2286 99.4832 107.799 113.332 111.08 109.079 101.005 100.245 95.8902 77.5327 72.8418 75.4499 74.6615 69.6406 61.0763 57.1335 50.2297 45.1227 39.9456 34.6659 29.4512 27.1966 24.7834 19.5706 18.5402 14.4442 10.5756 4.88607 4.66792 3.40057 2.12695 0 0 0 0 0 0 0 0 0 0 0 0 0 0 0 0 0 0 0 0 0 0 0 0 0 0 0 0 0 0 0 0 0 0 0 0 0 0 0 0 0 0 0 0 0 -1.04169 -2.25227 -3.57408 -6.04849 -9.75065 -11.5059 -13.2222 -14.9809 -16.6177 -19.1371 -34.5888 -48.707 -56.9902 -58.9516 -76.0426 -74.6259 -77.5576 -74.4798 -69.6481 -55.2341 -51.8093 -41.634 -36.3129
84.5542 88.8187 98.37 106.099 115.1 114.858 111.182 103.475 103.109 102.004 88.0034 79.6696 74.9307 79.1932 74.4804 70.7855 65.6515 58.292 51.0967 45.7505 37.6673 33.4828 30.2315 27.026 22.9168 19.7535 18.6371 15.6631 10.668 5.12858 4.81445 4.44526 2.08337 0 0 0 0 0 0 0 0 0 0 0 0 0 0 0 0 0 0 0 0 0 0 0 0 0 0 0 0 0 0 0 0 0 0 0 0 0 0 0 0 0 0 0 0 0 -1.08527 -3.31883 -4.66141 -7.14103 -8.77741 -11.3364 -11.9448 -14.5766 -16.1224 -18.6034 -34.7748 -41.4448 -50.181 -60.9851 -58.3637 -59.2639 -64.6549 -49.6073 -48.4603 -44.6414 -37.6307 -32.5039
83.2638 93.6182 104.256 111.052 115.821 119.822 115.332 112.142 110.041 101.542 94.096 93.7544 89.7557 86.6182 78.5306 76.4304 78.9953 59.4996 58.3305 49.9648 44.6303 38.4284 31.1439 30.218 27.2262 26.1427 21.058 17.9772 15.8239 10.8383 7.18998 6.78429 4.34877 2.08527 1 1 0 1 1 1 2 1 0 0 0 0 0 0 0 0 0 0 0 0 0 0 0 0 0 0 0 0 0 0 0 0 0 0 0 0 0 0 0 0 0 0 0 0 0 -1.08527 -3.29396 -5.64601 -7.17824 -7.63269 -10.1106 -11.6143 -12.1048 -13.6062 -16.1595 -19.115 -28.1388 -43.7739 -35.1087 -40.3534 -39.3554 -40.9674 -40.848 -37.1589 -31.296 -32.4759
93.1006 105.892 110.676 124.652 125.608 121.866 124.707 110.769 103.679 105.95 103.113 101.176 98.1608 102.006 93.6683 93.5246 82.8765 78.3397 73.5041 64.437 51.5161 46.2801 37.1586 31.2602 30.4065 26.4539 21.2514 22.189 21.1802 19.2181 16.485 12.8783 14.4509 11.0113 8.71174 6.55025 6.53842 7.59193 7.68128 6.72894 6.68596 5.5431 5.3657 3.17986 1.04169 0 0 0 0 0 0 0 0 0 0 0 0 0 0 0 0 0 0 0 0 0 0 0 0 0 0 0 0 0 0 0 0 0 0 0 -1.04169 -2.18176 -5.56507 -6.96312 -7.37662 -9.86154 -11.3814 -11.9359 -13.5243 -17.3 -19.1689 -24.5474 -26.9445 -31.017 -31.8517 -31.2516 -30.095 -28.2647 -27.0769 -24.5938
99.208 110.381 118.269 135.569 138.058 136.095 133.725 112.598 114.212 115.691 112.906 105.022 110.531 106.866 102.272 95.6555 89.7428 84.9504 78.0382 73.7469 65.386 56.5299 46.5116 37.2874 33.2925 28.3668 28.6467 26.8437 27.0422 28.134 23.3438 22.6133 15.9115 16.4534 14.0799 12.6919 10.5943 10.6902 10.7095 9.68875 8.60876 8.44285 7.12808 5.78101 4.43403 2.12695 0 0 0 0 0 0 0 0 0 0 0 0 0 0 0 0 0 0 0 0 0 0 0 0 0 0 0 0 0 0 0 0 0 0 0 0 -2.08337 -5.39045 -5.72193 -7.16199 -8.67782 -10.2191 -11.7646 -13.4231 -15.2623 -21.352 -21.4878 -26.5774 -25.274 -24.5952 -24.4365 -25.906 -22.0122 -18.8542
94.1396 102.312 115.609 139.135 142.769 138.977 135.855 124.74 119.987 122.747 119.891 114.528 112.38 111.808 106.165 101.502 94.5207 87.7208 88.72 84.4262 78.79 65.5055 52.7123 45.5587 40.3768 37.5315 32.962 32.6097 33.1296 31.4311 31.7069 28.8664 24.9285 21.2708 18.7638 20.4516 19.1705 14.019 14.0495 12.959 11.7384 10.4025 8.98181 7.48127 5.98543 4.52942 2.17054 0 0 0 0 0 0 0 0 0 0 0 0 0 0 0 0 0 0 0 0 0 0 0 0 0 0 0 0 0 0 0 0 0 0 0 0 -1.08527 -2.23356 -5.50916 -6.94753 -7.45245 -9.00294 -11.6183 -13.3158 -17.0738 -21.1 -22.0119 -22.6247 -22.9318 -22.8594 -22.5171 -19.9037 -20.168
97.0502 116.781 128.535 143.298 152.039 153.962 156.828 150.372 138.306 129.603 135.256 127.688 120.359 117.833 109.727 100.952 101.143 97.2085 88.9804 86.3369 79.6986 71.1298 63.0118 49.6391 47.8379 44.1297 38.5125 37.3945 37.0244 35.5968 35.0066 34.228 31.3148 27.4331 27.9114 26.5714 25.0698 21.7515 17.4941 16.2794 15.9187 12.4521 10.8786 9.17813 7.53515 5.94713 4.44226 2.12695 0 0 0 0 0 0 0 0 0 0 0 0 0 0 0 0 0 0 0 0 0 0 0 0 0 0 0 0 0 0 0 0 0 0 0 0 -1.08527 -1.16701 -4.44291 -6.83915 -7.29653 -8.79258 -11.3859 -11.9388 -15.5527 -18.3132 -19.8825 -18.1229 -19.2013 -19.0093 -17.5941 -18.0635
104.524 122.124 133.322 151.486 156.298 162.267 167.062 156.111 153.961 140.172 141.003 132.312 130.765 124.142 111.436 111.236 104.833 99.5641 96.9413 84.7636 78.0473 73.4644 66.2398 56.362 49.8581 45.4558 46.0458 40.6453 39.5361 39.5783 36.0253 34.367 35.5771 33.7701 33.1851 30.7097 30.1464 31.6955 24.2868 20.9118 18.4148 15.7099 13.9055 12.971 8.01927 7.31291 4.70939 2.2635 1.04169 0 0 0 0 0 0 0 0 0 0 0 0 0 0 0 0 0 0 0 0 0 0 0 0 0 0 0 0 0 0 0 0 0 0 0 0 -1.04169 -1.09649 -4.34326 -5.6835 -7.05562 -8.4349 -10.8787 -10.2133 -14.7527 -16.2264 -16.5145 -16.6426 -16.576 -15.2593 -15.9268
105.628 124.307 138.003 155.229 160.395 165.377 169.054 165.694 154.671 146.438 144.535 135.752 133.628 121.881 117.314 114.244 104.92 112.884 95.2523 88.991 83.1019 75.5299 70.2883 54.3777 57.8951 52.259 50.164 46.5005 40.5016 40.8154 37.6252 38.2542 38.7017 38.9696 41.4886 39.0423 38.6579 36.1752 31.5829 27.8824 25.0378 17.9268 15.893 14.8687 14.712 7.71293 6.02579 3.45822 2.13818 0 0 0 0 0 0 0 0 0 0 0 0 0 0 0 0 0 0 0 0 0 0 0 0 0 0 0 0 0 0 0 0 0 0 0 0 0 0 0 -3.12695 -3.34877 -5.614 -5.89739 -8.21297 -9.46122 -12.755 -12.9446 -13.1011 -14.0502 -11.8946 -10.8275
111.04 130.561 142.967 157.288 167.03 167.844 177.411 167.581 160.585 162.624 149.854 138.326 135.482 128.768 132.535 128.746 121.736 113.113 111.278 107.003 99.8454 78.7352 73.5424 71.62 64.895 60.0432 56.656 54.0553 40.8492 40.4112 41.8056 42.7663 42.3729 45.999 44.6585 45.2543 41.759 41.2778 37.5367 33.6485 28.7078 29.4383 21.9136 19.8071 19.5752 13.4094 9.44697 7.72849 3.29804 1.08527 0 0 0 0 0 0 0 0 0 0 0 0 0 0 0 0 0 0 0 0 0 0 0 0 0 0 0 0 0 0 0 0 0 0 0 0 0 0 0 -1.04169 -2.13818 -4.26921 -4.41207 -5.5431 -6.68318 -7.73498 -6.82882 -8.9019 -4.96015 -5.14954
115.156 131.181 148.57 166.827 172.166 178.773 171.157 170.805 165.286 155.841 153.28 136.36 132.073 141.194 130.381 133.137 123.694 116.24 114.016 108.012 105.36 96.3453 78.8313 65.7785 63.794 64.8603 59.1695 57.6802 48.2624 41.5155 41.8887 43.0362 48.2313 46.0363 48.8476 49.5601 49.3238 46.9349 44.2117 41.2137 39.3372 40.3745 37.0024 27.3595 24.0008 19.5901 16.2908 9.23694 4.59911 2.19188 1.08527 0 0 0 0 0 0 0 0 0 0 0 0 0 0 0 0 0 0 0 0 0 0 0 0 0 0 0 0 0 0 0 0 0 0 0 0 0 0 0 0 0 -1 -1 -1 -2.08527 -3.2635 -2.46138 -2.63269 -3.86713
127.341 130.669 150.407 170.323 183.428 185.763 183.865 173.488 165.488 159.403 155.937 134.962 141.953 133.306 134.979 132.793 123.709 121.071 115.084 112.486 104.866 96.2294 90.5124 63.5603 64.311 60.3815 64.4843 57.7157 52.0627 47.1569 43.3279 48.7996 49.2193 48.532 52.5564 54.704 55.861 53.7011 52.1439 53.294 50.3822 44.4045 40.9226 35.0072 26.3687 22.8504 18.4095 13.096 8.1645 3.45625 1.16701 1.04169 0 0 0 0 0 0 0 0 0 0 0 0 0 0 0 0 0 0 0 0 0 0 0 0 0 0 0 0 0 0 0 0 0 0 0 0 0 0 0 0 0 0 0 0 -2.08337 -2.2635 -2.41675 -3.57845
133.065 150.636 171.786 187.829 186.563 196.681 193.51 193.058 178.6 168.321 159.625 155.054 150.631 138.759 128.473 130.293 127.368 123.068 121.513 115.498 101.756 95.7069 88.5193 78.5551 64.7111 63.7447 64.5643 60.649 54.7913 54.6303 48.5321 50.1015 50.7309 51.4511 58.0158 59.6699 60.3192 60.4247 60.1069 65.7786 58.8199 50.4397 45.7623 40.6381 30.705 25.1148 21.587 15.1252 12.03 8.04743 4.35575 1.09649 0 0 0 0 0 0 0 0 0 0 0 0 0 0 0 0 0 0 0 0 0 0 0 0 0 0 0 0 0 0 0 0 0 0 0 0 0 0 0 0 0 0 0 0 0 -1.08527 -1.19188 -2.28571
144.081 165.312 177.926 193.941 202.356 200.267 202.703 194.036 182.771 174.939 159.663 162.923 147.531 140.528 132.931 135.071 137.095 133.13 129.048 120.119 110.232 100.738 88.2798 80.4124 61.9554 60.6353 57.2411 59.2348 56.5111 56.1494 53.8805 51.2814 54.1197 57.0427 60.2111 63.2215 66.411 66.1084 69.3117 67.2075 63.4728 59.7082 54.5995 44.2651 34.1084 27.3213 21.6551 18.065 14.8166 10.6874 7.75662 2.2163 1 0 0 0 0 0 0 0 0 0 0 0 0 0 0 0 0 0 0 0 0 0 0 0 0 0 0 0 0 0 0 0 0 0 0 0 0 0 0 0 0 0 0 0 0 0 -1.08527 -1.16701
144.571 167.655 184.574 200.693 211.559 210.506 206.324 201.722 193.859 181.349 169.262 167.492 162.578 150.918 140.227 144.16 150.516 129.144 127.42 119.474 117.565 99.0289 92.792 84.5905 63.3732 58.6072 55.0455 60.9189 59.5132 60.1955 63.8724 58.3051 59.013 61.9953 65.2876 67.5743 65.0557 68.4633 70.851 70.9276 66.2567 63.7275 59.6737 52.2085 43.5473 30.5848 22.6257 17.9598 14.5885 13.3906 10.316 4.50745 3.22813 1.13103 1.09649 1.04169 0 0 0 0 0 0 0 0 0 0 0 0 0 0 0 0 0 0 0 0 0 0 0 0 0 0 0 0 0 0 0 0 0 0 0 0 0 0 0 0 0 0 0 -1.04169
148.816 166.983 185.59 209.527 215.686 219.321 214.314 203.374 194.386 191.025 197.326 182.418 172.557 189.465 186.311 177.208 159.671 158.875 152.758 136.575 112.196 105.27 94.8498 88.2172 80.0357 60.8403 57.3716 57.5381 63.3114 62.8175 60.2266 65.3673 65.1803 67.3057 73.0501 71.6536 69.8715 71.8815 75.9183 72.1325 68.4709 66.0269 61.1856 54.9172 44.4563 33.7881 27.4589 18.5774 16.2317 13.9827 10.8057 6.85532 3.53799 2.31325 2.23069 1.16701 1.08527 0 0 0 0 0 0 0 0 0 0 0 0 0 0 0 0 0 0 0 0 0 0 0 0 0 0 0 0 0 0 0 0 0 0 0 0 0 0 0 0 0 0 0
151.849 167.192 183.299 201.869 214.14 221.653 222.185 196.027 199.165 197.406 183.425 190.19 192.373 191.811 182.938 179.702 174.088 160.277 153.658 143.237 129.808 106.318 97.7007 89.3989 73.2033 64.1164 55.0132 56.6187 58.1271 58.5624 58.6962 61.7135 62.6555 65.9179 69.8268 69.5669 68.7399 71.8338 70.7501 68.945 67.0979 62.7108 57.9195 54.0153 45.6704 40.6442 30.0568 23.2863 19.7897 16.3814 13.1285 9.196 5.94763 4.72378 2.50398 2.41675 2.28837 2.12695 0 0 0 0 0 0 0 0 0 0 0 0 0 0 0 0 0 0 0 0 0 0 0 0 0 0 0 0 0 0 0 0 0 0 0 0 0 0 0 0 0 0
145.079 161.634 175.005 191.478 206.766 211.718 217.367 200.619 193.53 188.861 186.717 204.715 195.447 194.576 186.859 183.821 180.746 162.388 159.647 143.55 136.577 119.927 98.1707 91.7498 72.8851 60.1583 55.3362 54.1438 55.7226 57.1988 54.694 56.7423 61.7243 64.1174 65.5299 67.9682 68.3937 69.5039 72.2485 69.1893 67.0978 60.4818 57.701 53.6653 45.3789 39.7191 28.2471 23.6624 21.1426 17.7405 14.5382 7.69287 7.50226 6.24889 4.90881 3.70716 4.51641 2.33401 3.12695 2 8 0 0 0 0 0 0 0 0 0 0 0 0 0 0 0 0 0 0 0 0 0 0 0 0 0 0 0 0 0 0 0 0 0 0 0 0 0 0 0
135.341 157.129 173.968 188.991 199.368 206.768 216.185 207.16 191.127 185.636 193.212 205.498 199.799 194.641 192.382 186.323 178.581 167.72 161.15 148.459 135.633 125.299 111.84 88.8317 68.6595 64.2259 56.5864 53.435 53.1918 50.9147 52.638 50.701 58.4457 67.4748 65.6383 64.5977 66.8039 66.851 72.4006 68.2075 64.1197 60.5437 56.7461 48.6738 44.5202 38.1583 29.121 25.8275 22.4024 22.1684 18.0705 10.4093 9.15082 9.95107 9.64117 8.40835 9.27309 16.436 16.6582 15.6337 12.5014 12.2829 10.8553 8.33348 0 0 0 0 0 0 0 0 0 0 0 0 0 0 0 0 0 0 0 0 0 0 0 0 0 0 0 0 0 0 0 0 0 0 0 0
129.149 145.354 157.71 174.315 189.538 191.017 194.923 181.303 173.496 181.903 188.304 185.223 190.014 191.404 192.82 184.819 175.247 161.859 152.562 145.186 131.748 122.319 111.398 80.9512 74.194 69.8409 63.2949 58.2937 48.3545 50.2641 48.2181 48.472 55.5791 62.1607 62.9547 61.552 61.3956 63.9943 66.2324 64.2543 59.0558 58.6752 50.9485 47.1856 41.2359 36.3066 32.5937 26.5797 25.5624 23.5674 17.7524 13.3952 15.2209 11.8964 11.618 12.4716 19.9913 19.3629 18.5525 17.5166 17.2718 13.8009 13.2648 11.5066 8.68214 0 0 0 0 0 0 0 0 0 0 0 0 0 0 0 0 0 0 0 0 0 0 0 0 0 0 0 0 0 0 0 0 0 0 0
119.283 135.238 146.981 167.729 175.525 179.75 180.205 158.148 159.048 164.499 175.327 175.301 166.264 183.917 183.682 184.08 170.474 159.283 148.196 132.046 126.998 119.688 99.7327 77.8676 76.5327 69.5147 63.2551 57.4095 55.7618 51.5272 51.2694 49.2957 49.2006 53.1332 60.4985 57.8586 58.4319 57.523 58.2398 55.6941 56.0461 49.0254 46.8013 44.2856 38.6468 35.1139 27.8375 26.1651 26.5768 19.8108 15.4762 17.423 20.38 15.9779 14.7328 23.2722 22.9121 22.2638 21.4074 20.3581 19.0919 17.4664 14.6523 13.7547 11.7056 8.68214 0 0 0 0 0 0 0 0 0 0 0 0 0 0 0 0 0 0 0 0 0 0 0 0 0 0 0 0 0 0 0 0 0 0
110.843 122.766 134.872 145.69 162.684 169.243 174.971 150.619 153.631 165.474 161.246 157.625 157.688 165.816 176.539 172.637 165.833 149.556 141.9 133.641 123.612 105.698 97.7256 89.3234 68.2787 62.6032 58.8273 58.1536 53.4165 51.1771 50.6444 50.0495 45.4015 49.4189 51.4458 49.6566 47.8453 52.6146 45.9818 42.3504 44.8745 46.0633 45.0182 39.849 34.7566 30.6184 25.8687 24.5602 21.3062 21.3413 23.6581 23.8476 23.848 24.5667 31.5884 28.0754 24.6316 25.0686 24.1973 21.1365 20.8553 19.0837 18.0363 14.8897 13.6614 11.4194 8.33348 0 0 0 0 0 0 0 0 0 0 0 0 0 0 0 0 0 0 0 0 0 0 0 0 0 0 0 0 0 0 0 0 0
97.2965 107.493 117.728 127.134 137.517 145.566 139.519 133.754 136.546 140.211 146.234 140.261 142.4 145.827 147.59 143.34 137.158 137.572 117.873 103.188 93.8316 88.726 85.4437 65.6044 65.8331 57.4106 53.7374 51.0529 47.2254 50.0953 48.442 45.4493 44.4706 41.7611 42.6814 40.7033 42.823 42.507 39.9183 37.3441 37.71 37.8034 35.942 31.2109 28.6012 23.9976 22.0077 22.1175 22.6794 22.2331 24.7587 24.0445 25.1489 26.0221 33.5934 31.9779 30.3576 26.5843 26.8291 22.8092 22.5365 21.5827 19.2915 15.8323 14.4469 12.0385 8.77194 0 0 0 0 0 0 0 0 0 0 0 0 0 0 0 0 0 0 0 0 0 0 0 0 0 0 0 0 0 0 0 0 0
79.5855 89.9183 99.1339 106.427 112.255 111.675 118.14 115.115 116.65 112.215 119.532 119.921 118.983 124.447 132.189 129.996 124.077 115.533 106.757 97.284 84.8023 81.6263 73.0969 55.9749 51.4148 44.3358 46.6521 43.833 44.8639 46.4988 45.6813 41.6183 38.5125 36.2349 33.7363 34.6601 35.6209 32.289 30.9025 29.4257 26.7974 23.9982 21.294 20.9986 19.7944 12.6921 17.3251 22.2074 23.1347 22.8442 25.5248 24.9427 25.2143 26.1168 34.83 34.3664 32.799 31.9853 28.0818 25.2641 24.0866 21.8363 20.214 16.4795 14.9621 12.4346 9.04827 0 0 0 0 0 0 0 0 0 0 0 0 0 0 0 0 0 0 0 0 0 0 0 0 0 0 0 0 0 0 0 0 0